t 0.75 0.25
t 1.0 0.5
t 1.75 0.25
t 3.25 0.25
t 3.5 0.25
t 4.0 0.25
t 4.5 0.5
t 4.75 0.5
t 5.5 0.25
t 6.75 0.25
t 7.25 0.5
t 8.0 0.25
t 9.75 0.25
t 10.0 0.25
t 11.5 0.25
t 11.75 0.25
t 12.25 0.5
t 12.5 0.25
t 13.75 0.25
t 14.0 0.25
t 14.75 0.5
t 15.0 0.25
s 0.5 -0.25 1
s 1.25 -0.25 2
s 2.0 -0.5 1
s 2.75 -0.25 4
s 3.5 -0.5 1
s 4.25 -0.25 3
s 5.0 -0.25 1.5
s 6.0 -0.25 3
s 6.5 -0.5 1
s 7.25 -0.25 3.5
s 7.75 -0.5 0.5
s 8.25 -0.25 3
s 9.25 -0.25 4
s 10.25 -0.25 2.5
s 11.25 -0.5 2
s 11.75 -0.25 1
s 12.5 -0.25 2
s 13.75 -0.5 1.5
s 14.25 -0.25 2
s 15.25 -0.25 2.5